9093
9095
9097
9097
9095
9097
9099
9099
9099
9099
9101
9101
9103
9101
9101
9103
9099
9099
9101
9103
9103
9101
9097
9105
9105
9105
9101
9103
9105
9107
9103
9103
9105
9105
9105
9105
9109
9107
9103
9107
9105
9107
9105
9109
9107
9109
9101
9105
9105
9107
9101
9103
9111
9113
9103
9105
9107
9107
9103
9107
9109
9107
9111
9113
9105
9107
9107
9109
9103
9109
9105
9109
9115
9103
9109
9099
9109
9103
9103
9111
9113
9107
9109
9105
9111
9113
9111
9109
9107
9105
9115
9109
9109
9109
9111
9107
9107
9111
9117
9109
9101
9105
9101
9103
9101
9107
9109
9107
9111
9109
9109
9109
9111
9111
9103
9107
9109
9107
9105
9103
9115
9111
9105
9111
9115
9109
9113
9103
9109
9115
9113
9105
9111
9107
9105
9113
9111
9107
9113
9109
9107
9115
9107
9115
9117
9117
9109
9113
9117
9111
9111
9113
9109
9107
9117
9105
9103
9105
9115
9111
9109
9113
9105
9107
9109
9107
9111
9115
9109
9109
9103
9107
9113
9115
9107
9113
9117
9117
9113
9113
9111
9111
9105
9109
9105
9107
9107
9113
9111
9117
9111
9103
9113
9113
9109
9115
9117
9117
9119
9113
9119
9109
9115
9105
9109
9117
9111
9113
9105
9121
9111
9111
9113
9107
9113
9119
9107
9113
9119
9119
9109
9109
9107
9109
9109
9123
9111
9107
9117
9113
9113
9109
9111
9119
9111
9115
9113
9107
9113
9111
9109
9111
9109
9109
9105
9119
9111
9111
9117
9117
9111
9117
9111
9111
9113
9117
9113
9111
9113
9119
9111
9117
9109
9115
9121
9115
9113
9105
9107
9115
9109
9115
9113
9115
9121
9115
9107
9115
9107
9117
9109
9113
9107
9121
9109
9109
9115
9107
9111
9119
9107
9111
9117
9115
9117
9115
9109
9113
9111
9111
9117
9111
9119
9117
9115
9117
9117
9113
9107
9105
9113
9103
9113
9115
9119
9123
9113
9111
9115
9107
9111
9111
9109
9105
9111
9113
9121
9111
9113
9115
9119
9117
9107
9121
9113
9121
9121
9123
9115
9119
9121
9115
9111
9105
9119
9109
9123
9111
9109
9111
9109
9109
9119
9115
9121
9109
9101
9121
9105
9111
9119
9115
9111
9111
9111
9111
9113
9113
9125
9117
9115
9117
9115
9111
9115
9113
9107
9113
9119
9117
9113
9115
9115
9111
9119
9113
9119
9119
9109
9117
9125
9115
9113
9113
9117
9111
9117
9113
9117
9117
9117
9117
9109
9113
9113
9113
9111
9117
9113
9119
9117
9115
9109
9125
9115
9103
9111
9109
9117
9117
9119
9111
9111
9117
9105
9111
9115
9115
9111
9117
9111
9123
9121
9117
9121
9113
9117
9113
9113
9105
9119
9117
9119
9113
9115
9109
9113
9115
9109
9113
9115
9115
9113
9109
9119
9119
9107
9107
9115
9121
9111
9105
9111
9117
9111
9119
9121
9107
9113
9111
9111
9111
9117
9113
9115
9111
9107
9115
9121
9119
9109
9105
9107
9115
9107
9121
9117
9119
9113
9113
9113
9119
9127
9117
9117
9109
9115
9115
9119
9115
