8168
8164
8166
8170
8170
8164
8170
8176
8178
8178
8176
8172
8168
8170
8172
8176
8176
8178
8170
8176
8162
8172
8178
8166
8172
8170
8176
8170
8178
8172
8170
8174
8168
8178
8176
8168
8176
8176
8178
8174
8178
8176
8178
8166
8176
8176
8174
8174
8178
8178
8178
8166
8168
8172
8176
8174
8176
8176
8172
8178
8176
8174
8180
8172
8174
8170
8176
8178
8176
8170
8176
8170
8174
8174
8174
8176
8168
8174
8178
8174
8178
8172
8180
8168
8174
8170
8178
8172
8178
8178
8178
8172
8176
8178
8178
8176
8176
8176
8180
8176
8172
8172
8176
8172
8178
8172
8176
8170
8174
8178
8176
8174
8174
8176
8170
8174
8178
8174
8178
8176
8174
8176
8176
8178
8176
8178
8172
8174
8172
8174
8172
8176
8178
8178
8174
8178
8176
8172
8178
8176
8172
8176
8176
8178
8170
8172
8176
8178
8178
8178
8174
8174
8176
8176
8176
8174
8176
8174
8176
8176
8174
8176
8176
8178
8180
8174
8178
8174
8172
8178
8178
8176
8176
8168
8172
8178
8174
8176
8176
8176
8178
8174
8178
8176
8178
8172
8176
8176
8178
8174
8174
8174
8174
8178
8172
8176
8174
8174
8176
8174
8178
8178
8174
8178
8176
8178
8176
8176
8174
8176
8170
8178
8178
8178
8180
8180
8176
8174
8178
8178
8174
8174
8176
8176
8180
8178
8174
8178
8176
8176
8176
8178
8176
8174
8178
8180
8172
8172
8172
8176
8176
8178
8178
8178
8176
8176
8174
8176
8176
8178
8178
8178
8176
8176
8178
8176
8176
8176
8172
8176
8178
8178
8176
8180
8174
8180
8174
8176
8178
8178
8174
8172
8178
8178
8178
8174
8180
8174
8178
8178
8178
8176
8174
8172
8178
8178
8176
8180
8174
8176
8178
8176
8176
8178
8176
8180
8178
8178
8176
8180
8176
8178
8176
8178
8180
8176
8178
8180
8176
8178
8174
8174
8178
8172
8176
8176
8178
8178
8176
8176
8178
8178
8178
8178
8176
8178
8178
8178
8178
8174
8176
8178
8174
8174
8178
8176
8178
8178
8174
8176
8178
8174
8178
8176
8180
8176
8176
8178
8178
8178
8176
8176
8178
8178
8178
8178
8176
8178
8178
8174
8178
8176
8178
8176
8178
8176
8176
8178
8178
8178
8176
8180
8178
8178
8176
8176
8178
8178
8178
8180
8178
8180
8178
8178
8178
8180
8180
8178
8178
8180
8178
8178
8178
8180
8180
8178
8180
8180
8176
8180
8178
8180
8178
8180
8176
8176
8180
8180
8178
8178
8178
8174
8178
8180
8178
8178
8178
8178
8178
8178
8180
8174
8180
8180
8178
8178
8176
8178
8178
8180
8180
8180
8178
8178
8176
8178
8180
8180
8178
8178
8178
8178
8178
8180
8180
8178
8180
8178
8174
8180
8180
8178
8180
8180
8178
8178
8178
8180
8180
8180
8176
8178
8178
8180
8180
8176
8180
8180
8176
8180
8180
8180
8178
8178
8180
8178
8180
8178
8176
8180
8176
8176
8178
8180
8180
8180
8182
8180
8178
8180
8180
8178
8180
8180
8180
8176
8178
8178
8180
8180
