7
3
5
9
9
3
9
15
17
17
15
11
7
9
11
15
15
17
9
15
1
11
17
5
11
9
15
9
17
11
9
13
7
17
15
7
15
15
17
13
17
15
17
5
15
15
13
13
17
17
17
5
7
11
15
13
15
15
11
17
15
13
19
11
13
9
15
17
15
9
15
9
13
13
13
15
7
13
17
13
17
11
19
7
13
9
17
11
17
17
17
11
15
17
17
15
15
15
19
15
11
11
15
11
17
11
15
9
13
17
15
13
13
15
9
13
17
13
17
15
13
15
15
17
15
17
11
13
11
13
11
15
17
17
13
17
15
11
17
15
11
15
15
17
9
11
15
17
17
17
13
13
15
15
15
13
15
13
15
15
13
15
15
17
19
13
17
13
11
17
17
15
15
7
11
17
13
15
15
15
17
13
17
15
17
11
15
15
17
13
13
13
13
17
11
15
13
13
15
13
17
17
13
17
15
17
15
15
13
15
9
17
17
17
19
19
15
13
17
17
13
13
15
15
19
17
13
17
15
15
15
17
15
13
17
19
11
11
11
15
15
17
17
17
15
15
13
15
15
17
17
17
15
15
17
15
15
15
11
15
17
17
15
19
13
19
13
15
17
17
13
11
17
17
17
13
19
13
17
17
17
15
13
11
17
17
15
19
13
15
17
15
15
17
15
19
17
17
15
19
15
17
15
17
19
15
17
19
15
17
13
13
17
11
15
15
17
17
15
15
17
17
17
17
15
17
17
17
17
13
15
17
13
13
17
15
17
17
13
15
17
13
17
15
19
15
15
17
17
17
15
15
17
17
17
17
15
17
17
13
17
15
17
15
17
15
15
17
17
17
15
19
17
17
15
15
17
17
17
19
17
19
17
17
17
19
19
17
17
19
17
17
17
19
19
17
19
19
15
19
17
19
17
19
15
15
19
19
17
17
17
13
17
19
17
17
17
17
17
17
19
13
19
19
17
17
15
17
17
19
19
19
17
17
15
17
19
19
17
17
17
17
17
19
19
17
19
17
13
19
19
17
19
19
17
17
17
19
19
19
15
17
17
19
19
15
19
19
15
19
19
19
17
17
19
17
19
17
15
19
15
15
17
19
19
19
21
19
17
19
19
17
19
19
19
15
17
17
19
19
