1
3
5
5
3
5
7
7
7
7
9
9
11
9
9
11
7
7
9
11
11
9
5
13
13
13
9
11
13
15
11
11
13
13
13
13
17
15
11
15
13
15
13
17
15
17
9
13
13
15
9
11
19
21
11
13
15
15
11
15
17
15
19
21
13
15
15
17
11
17
13
17
23
11
17
7
17
11
11
19
21
15
17
13
19
21
19
17
15
13
23
17
17
17
19
15
15
19
25
17
9
13
9
11
9
15
17
15
19
17
17
17
19
19
11
15
17
15
13
11
23
19
13
19
23
17
21
11
17
23
21
13
19
15
13
21
19
15
21
17
15
23
15
23
25
25
17
21
25
19
19
21
17
15
25
13
11
13
23
19
17
21
13
15
17
15
19
23
17
17
11
15
21
23
15
21
25
25
21
21
19
19
13
17
13
15
15
21
19
25
19
11
21
21
17
23
25
25
27
21
27
17
23
13
17
25
19
21
13
29
19
19
21
15
21
27
15
21
27
27
17
17
15
17
17
31
19
15
25
21
21
17
19
27
19
23
21
15
21
19
17
19
17
17
13
27
19
19
25
25
19
25
19
19
21
25
21
19
21
27
19
25
17
23
29
23
21
13
15
23
17
23
21
23
29
23
15
23
15
25
17
21
15
29
17
17
23
15
19
27
15
19
25
23
25
23
17
21
19
19
25
19
27
25
23
25
25
21
15
13
21
11
21
23
27
31
21
19
23
15
19
19
17
13
19
21
29
19
21
23
27
25
15
29
21
29
29
31
23
27
29
23
19
13
27
17
31
19
17
19
17
17
27
23
29
17
9
29
13
19
27
23
19
19
19
19
21
21
33
25
23
25
23
19
23
21
15
21
27
25
21
23
23
19
27
21
27
27
17
25
33
23
21
21
25
19
25
21
25
25
25
25
17
21
21
21
19
25
21
27
25
23
17
33
23
11
19
17
25
25
27
19
19
25
13
19
23
23
19
25
19
31
29
25
29
21
25
21
21
13
27
25
27
21
23
17
21
23
17
21
23
23
21
17
27
27
15
15
23
29
19
13
19
25
19
27
29
15
21
19
19
19
25
21
23
19
15
23
29
27
17
13
15
23
15
29
25
27
21
21
21
27
35
25
25
17
23
23
27
23
