0
2
6
10
12
16
22
28
34
40
48
56
66
74
82
92
98
104
112
122
132
140
144
156
168
180
188
198
210
224
234
244
256
268
280
292
308
322
332
346
358
372
384
400
414
430
438
450
462
476
484
494
512
532
542
554
568
582
592
606
622
636
654
674
686
700
714
730
740
756
768
784
806
816
832
838
854
864
874
892
912
926
942
954
972
992
1010
1026
1040
1052
1074
1090
1106
1122
1140
1154
1168
1186
1210
1226
1234
1246
1254
1264
1272
1286
1302
1316
1334
1350
1366
1382
1400
1418
1428
1442
1458
1472
1484
1494
1516
1534
1546
1564
1586
1602
1622
1632
1648
1670
1690
1702
1720
1734
1746
1766
1784
1798
1818
1834
1848
1870
1884
1906
1930
1954
1970
1990
2014
2032
2050
2070
2086
2100
2124
2136
2146
2158
2180
2198
2214
2234
2246
2260
2276
2290
2308
2330
2346
2362
2372
2386
2406
2428
2442
2462
2486
2510
2530
2550
2568
2586
2598
2614
2626
2640
2654
2674
2692
2716
2734
2744
2764
2784
2800
2822
2846
2870
2896
2916
2942
2958
2980
2992
3008
3032
3050
3070
3082
3110
3128
3146
3166
3180
3200
3226
3240
3260
3286
3312
3328
3344
3358
3374
3390
3420
3438
3452
3476
3496
3516
3532
3550
3576
3594
3616
3636
3650
3670
3688
3704
3722
3738
3754
3766
3792
3810
3828
3852
3876
3894
3918
3936
3954
3974
3998
4018
4036
4056
4082
4100
4124
4140
4162
4190
4212
4232
4244
4258
4280
4296
4318
4338
4360
4388
4410
4424
4446
4460
4484
4500
4520
4534
4562
4578
4594
4616
4630
4648
4674
4688
4706
4730
4752
4776
4798
4814
4834
4852
4870
4894
4912
4938
4962
4984
5008
5032
5052
5066
5078
5098
5108
5128
5150
5176
5206
5226
5244
5266
5280
5298
5316
5332
5344
5362
5382
5410
5428
5448
5470
5496
5520
5534
5562
5582
5610
5638
5668
5690
5716
5744
5766
5784
5796
5822
5838
5868
5886
5902
5920
5936
5952
5978
6000
6028
6044
6052
6080
6092
6110
6136
6158
6176
6194
6212
6230
6250
6270
6302
6326
6348
6372
6394
6412
6434
6454
6468
6488
6514
6538
6558
6580
6602
6620
6646
6666
6692
6718
6734
6758
6790
6812
6832
6852
6876
6894
6918
6938
6962
6986
7010
7034
7050
7070
7090
7110
7128
7152
7172
7198
7222
7244
7260
7292
7314
7324
7342
7358
7382
7406
7432
7450
7468
7492
7504
7522
7544
7566
7584
7608
7626
7656
7684
7708
7736
7756
7780
7800
7820
7832
7858
7882
7908
7928
7950
7966
7986
8008
8024
8044
8066
8088
8108
8124
8150
8176
8190
8204
8226
8254
8272
8284
8302
8326
8344
8370
8398
8412
8432
8450
8468
8486
8510
8530
8552
8570
8584
8606
8634
8660
8676
8688
8702
8724
8738
8766
8790
8816
8836
8856
8876
8902
8936
8960
8984
9000
9022
9044
9070
9092
