2
6
12
18
24
32
40
48
56
64
74
84
96
104
112
122
132
140
150
160
172
182
194
206
216
228
240
250
262
274
284
296
310
320
332
344
358
372
384
398
412
424
436
450
464
478
490
504
518
532
544
558
572
586
600
614
628
642
656
670
684
698
712
726
740
754
770
786
800
816
832
846
862
874
890
904
920
936
952
968
984
998
1014
1028
1044
1060
1078
1092
1108
1122
1138
1152
1168
1182
1196
1214
1230
1246
1262
1276
1292
1306
1318
1332
1346
1360
1376
1392
1406
1422
1440
1454
1470
1486
1502
1518
1534
1550
1566
1580
1596
1612
1628
1644
1658
1676
1692
1708
1724
1740
1758
1772
1790
1808
1824
1842
1860
1876
1892
1910
1926
1940
1958
1976
1994
2010
2028
2046
2062
2080
2098
2114
2130
2146
2162
2180
2196
2212
2230
2246
2262
2278
2292
2306
2322
2338
2356
2374
2392
2408
2424
2442
2458
2476
2492
2508
2526
2544
2562
2580
2596
2612
2630
2648
2664
2682
2698
2716
2732
2750
2768
2784
2802
2820
2838
2854
2872
2890
2908
2926
2944
2962
2982
3000
3018
3036
3052
3070
3088
3108
3124
3142
3160
3176
3194
3214
3232
3250
3270
3288
3306
3324
3340
3358
3376
3396
3414
3434
3450
3468
3486
3504
3522
3540
3558
3578
3598
3616
3634
3652
3670
3688
3702
3720
3738
3758
3776
3794
3812
3830
3848
3864
3884
3902
3920
3938
3956
3974
3990
4006
4024
4044
4062
4080
4098
4116
4134
4152
4172
4192
4208
4226
4244
4262
4280
4300
4318
4336
4354
4372
4388
4408
4426
4446
4464
4482
4500
4518
4538
4556
4574
4592
4610
4630
4648
4666
4684
4704
4722
4740
4758
4776
4796
4816
4834
4854
4874
4894
4912
4932
4952
4970
4990
5008
5028
5050
5068
5086
5106
5126
5144
5164
5182
5200
5220
5238
5258
5278
5298
5318
5334
5354
5372
5394
5412
5432
5450
5472
5490
5506
5524
5542
5560
5578
5600
5618
5636
5652
5670
5688
5708
5726
5748
5768
5786
5804
5824
5842
5860
5880
5900
5918
5938
5956
5974
5992
6012
6032
6052
6070
6092
6114
6132
6150
6170
6188
6208
6228
6248
6268
6290
6310
6330
6348
6366
6388
6408
6428
6446
6468
6490
6510
6530
6550
6570
6590
6610
6632
6650
6670
6690
6710
6728
6748
6768
6786
6806
6826
6846
6866
6884
6904
6924
6946
6968
6988
7006
7024
7044
7064
7086
7106
7126
7148
7166
7182
7200
7220
7238
7260
7280
7302
7320
7340
7356
7376
7396
7418
7438
7456
7478
7498
7520
7540
7560
7580
7600
7620
7638
7658
7680
7700
7720
7740
7758
7776
7794
7814
7834
7854
7874
7892
7912
7932
7954
7974
7996
8016
8036
8056
8076
8096
8114
8134
8154
8176
8196
8214
8234
8256
8276
8294
8314
8334
8354
8376
8398
8420
8438
8458
8478
8500
8520
8540
8562
8582
8600
8622
8642
8662
